1415284731
1415285093
1415290684
1415353501
1415353561
1415353621
1415353681
1415353741
1415353801
1415353861
1415353921
1415353981
1415368621
1415378161
1415390161
1415393461
1415403781
1415410921
1415459161
1415460421
1415479921
1415488081
1415488141
1415493001
1415552521
1415556061
1415556601
1415564881
1415571001
1415586961
1415626501
1415638261
1415638981
1415646781
1415668261
1415674561
1415715241
1415723941
1415733301
1415737741
1415750401
1415755861
1415806201
1415814001
1415817601
1415820001
1415840221
1415842321
1415896621
1415901541
1415903041
1415915521
1415916961
1415932021
1415986801
1415987461
1416000061
1416000781
1416004081
1416008341
1416063421
1416066481
1416073441
1416078361
1416083881
1416101401
1416147961
1416155161
1416169501
1416174661
1416175801
1416187141
1416247021
1416249601
1416249961
1416262861
1416268141
1416272941
1416331141
1416333421
1416337621
1416350581
1416353041
1416359881
1416417601
1416420181
1416424981
1416429661
1416440281
1416447001
1416495961
1416510781
1416515941
1416518941
1416520801
1416529381
1416584821
1416587401
1416600841
1416611461
1416611581
1416615961
1416666841
1416677462
1416681061
1416691681
1416695641
1416696001
1416760381
1416761401
1416772441
1416776161
1416783241
1416791461
1416839401
1416851761
